Station ID                RECORD PERIOD   JAN   FEB   MAR   APR   MAY   JUN   JUL   AUG   SEP   OCT   NOV   DEC    YEAR
AGUILAR 1 SE              | 1980-2005 |  11.4  13.9  19.0  13.2   3.0   0.0   0.0   0.0   0.2   2.9  14.5  14.8    92.9
AGUILAR 18 WSW            | 1998-2010 |  15.7  11.8  22.1  19.4   4.8   0.0   0.0   0.0   0.3   6.0   8.9  16.4   105.4
AKRON 4 E                 | 1948-2010 |   4.3   4.1   5.5   3.8   0.2   0.0   0.0   0.0   0.2   1.4   5.4   5.9    30.8
AKRON 1 N                 | 1948-1999 |   5.6   4.6   9.5   4.4   0.8   0.0   0.0   0.0   0.6   2.8   6.3   5.8    40.4
ALAMOSA WSO AP            | 1948-2010 |   4.3   4.0   5.6   4.0   1.4   0.0   0.0   0.0   0.1   2.7   3.8   5.3    31.2
ALLENSPARK LODGE          | 1948-1993 |  19.1  14.8  27.2  22.4   9.4   1.4   0.0   0.0   3.1   9.5  16.6  16.2   139.7
ALLENSPARK 1 NW           | 1994-2004 |  21.3  17.6  32.1  40.4  12.6   1.3   0.0   0.0   8.1   9.2  19.5  12.6   174.7
ALTENBERN                 | 1948-2010 |  16.4  10.9   8.1   3.0   0.6   0.0   0.0   0.0   0.1   1.2   7.4  14.9    62.6
AMES                      | 1948-1986 |  32.0  26.6  33.1  20.6   7.5   0.3   0.0   0.0   0.6   9.7  22.6  28.1   181.1
AMY                       | 1948-1973 |   3.6   2.1   4.5   1.7   0.0   0.0   0.0   0.0   0.9   1.9   2.2   2.0    18.9
ANTERO RESERVOIR          | 1961-2010 |   4.2   5.3   8.8   7.8   2.8   0.3   0.0   0.0   0.9   5.1   5.4   6.7    47.3
ARAPAHO 14 N              | 1992-2007 |   4.7   5.0   4.7   4.3   0.5   0.0   0.0   0.0   0.3   2.1   4.2   3.6    29.4
ARAPAHOE                  | 1948-2010 |   3.5   3.7   3.9   2.9   0.1   0.0   0.0   0.0   0.0   1.5   2.0   4.5    22.1
AROYA 6 NE                | 1948-1972 |   1.8   1.1   3.1   1.3   0.2   0.0   0.0   0.0   0.4   0.9   1.7   1.2    11.7
ASPEN                     | 1948-1979 |  25.0  21.1  23.3  12.6   3.1   0.6   0.0   0.0   1.8   7.1  18.4  24.1   137.1
ASPEN 1 SW                | 1980-2010 |  26.1  27.6  28.0  20.0   7.8   0.8   0.0   0.0   1.1  10.7  26.8  27.2   176.1
AYER RANCH                | 1948-1970 |   5.8   6.8  11.8  10.1   3.1   0.0   0.0   0.0   1.0   4.3   6.7   5.1    54.7
BAILEY                    | 1948-2010 |   7.2   9.1  16.5  14.9   3.9   0.2   0.0   0.0   1.5   6.6   9.8   9.3    79.0
BASALT                    | 1965-1972 |  15.1  12.0   6.3   3.3   0.0   0.0   0.0   0.0   0.5   5.1   5.6  17.9    65.8
BEDROCK 1 N               | 1997-2005 |   2.1   1.4   1.8   1.1   0.0   0.0   0.0   0.0   0.0   0.1   0.4   1.9     8.8
BERTHOUD PASS             | 1950-1985 |  49.7  42.4  57.9  54.6  37.1  11.8   0.0   0.3   8.7  27.9  49.0  51.3   390.7
BLACK CANYON GUNNISON     | 2004-2010 |  20.4  19.2  21.4  14.5   3.3   0.0   0.0   0.0   1.4   5.1  14.1  26.6   126.0
BLANCA                    | 1948-2010 |   3.8   3.2   4.8   3.7   0.4   0.0   0.0   0.0   0.0   1.3   3.4   3.8    24.4
BLUE MESA LAKE            | 1967-2010 |  13.5  12.1   5.9   3.1   0.3   0.0   0.0   0.0   0.0   1.5   5.2  12.7    54.3
BOND                      | 1958-1975 |   4.7   5.0   3.9   2.7   0.2   0.0   0.0   0.0   0.6   0.4   4.2   8.5    30.2
BONHAM RESERVOIR          | 1963-2010 |  32.0  38.2  41.8  24.1   7.2   0.3   0.0   0.0   1.3  12.6  18.1  35.7   211.3
BONNY LAKE                | 1949-2010 |   4.1   4.2   4.7   2.2   0.1   0.0   0.0   0.0   0.1   1.4   2.1   3.7    22.6
BOULDER                   | 1948-2010 |  10.9  11.0  17.8  11.4   1.4   0.0   0.0   0.0   1.3   5.3  12.6  11.6    83.3
BOVINA 3 NNE              | 1948-1959 |   1.6   1.3   4.0   0.0   0.0   0.0   0.0   0.0   0.3   0.4   1.6   1.3    10.5
BRANDON                   | 1955-1999 |   1.3   1.5   2.8   1.1   0.0   0.0   0.0   0.0   0.0   0.1   1.0   1.4     9.2
BRANSON                   | 1948-1974 |   6.7   6.7   8.2   3.8   0.6   0.0   0.0   0.0   0.0   2.4   5.7   6.8    40.9
BRECKENRIDGE              | 1948-2010 |  22.0  21.4  24.8  23.2  10.2   1.5   0.0   0.0   3.4  11.4  23.0  23.3   164.2
BRIGGSDALE                | 1948-2010 |   2.2   1.6   3.6   1.3   0.2   0.0   0.0   0.0   0.2   0.7   1.9   3.1    14.8
BRIGHTON                  | 1973-2010 |   5.7   4.3   7.8   4.7   0.8   0.0   0.0   0.0   0.4   2.3   6.6   6.5    39.1
BROWNS PARK REFUGE        | 1966-1997 |   2.8   3.8   1.1   0.8   0.3   0.0   0.0   0.0   0.0   0.9   1.8   5.5    17.0
BROWNS PARK STORE         | 2003-2010 |  11.0   3.6   5.3   1.6   0.5   0.0   0.0   0.0   0.0   1.9   2.5   5.3    31.7
BUCKHORN MTN 1 E          | 1988-2010 |  15.3  16.5  34.2  35.2  10.5   0.6   0.0   0.0   3.7  13.6  19.1  16.4   165.1
BUENA VISTA               | 1948-2010 |   5.0   5.7   7.6   5.4   2.5   0.1   0.0   0.0   0.8   2.7   4.8   5.5    40.1
BURLINGTON                | 1948-2010 |   4.3   3.7   5.2   2.9   0.1   0.0   0.0   0.0   0.0   1.2   2.5   4.1    24.0
BUTLER RANCH              | 1951-1977 |   4.4   5.2   4.8   2.2   0.1   0.0   0.0   0.0   0.4   1.5   3.5   4.6    26.7
BYERS 5 ENE               | 1948-2010 |   6.5   5.1   9.5   5.4   0.5   0.0   0.0   0.0   0.8   3.1   5.7   5.7    42.3
CABIN CREEK               | 1968-2010 |  13.0  13.9  26.8  25.1   9.2   1.4   0.0   0.0   3.1  11.0  15.9  16.0   135.4
CAMPO 7 S                 | 1954-2010 |   4.0   2.8   4.0   0.7   0.1   0.0   0.0   0.0   0.0   1.1   1.8   4.6    19.1
CANON CITY                | 1948-2010 |   5.5   6.2   7.6   4.0   0.3   0.0   0.0   0.0   0.2   1.8   4.4   6.5    36.5
CASTLE ROCK               | 1948-2010 |   6.8   7.0  12.1   9.7   1.0   0.0   0.0   0.0   0.6   4.7   7.5   9.6    59.0
CEDAREDGE                 | 1948-1994 |  12.4   8.4   8.7   2.1   0.4   0.0   0.0   0.0   0.0   1.4   5.2  10.0    48.6
CEDAREDGE 3 E             | 1996-2010 |  10.6   9.8   7.8   2.5   0.3   0.0   0.0   0.0   0.0   0.5   2.9   8.0    42.4
CENTER 4 SSW              | 1948-2009 |   4.2   3.7   4.5   2.1   0.6   0.0   0.0   0.0   0.2   1.6   3.1   4.7    24.7
CHEESMAN                  | 1948-2010 |   6.1   7.2  12.5  10.0   1.6   0.0   0.0   0.0   1.2   4.3   7.8   7.8    58.5
CHERAW 1 N                | 1948-2010 |   1.8   0.8   1.4   0.0   0.0   0.0   0.0   0.0   0.0   0.0   0.5   1.8     6.3
CHERRY CREEK DAM          | 1951-2003 |   6.2   7.2  10.8   7.2   1.4   0.0   0.0   0.0   1.3   3.1   8.0   6.7    51.9
CHEYENNE WELLS            | 1948-2010 |   3.5   3.1   4.2   2.9   0.4   0.0   0.0   0.0   0.1   1.3   2.6   3.1    21.2
CIMARRON                  | 1951-2010 |  14.2  12.4  11.0   4.4   0.5   0.0   0.0   0.0   0.0   0.8   7.6  13.9    64.8
CLIMAX                    | 1949-2010 |  39.9  36.0  39.9  39.6  19.4   4.7   0.1   0.1   5.8  18.5  32.5  38.0   274.5
COAL CREEK CANYON         | 1994-2010 |  16.6  17.4  37.3  47.0  14.7   1.2   0.0   0.0   4.3  17.6  15.8  22.4   194.3
COCHETOPA CREEK           | 1948-2010 |  10.6   8.6   7.1   4.5   0.9   0.0   0.0   0.0   0.1   1.6   6.6  10.6    50.6
COLLBRAN                  | 1948-1999 |  14.3  10.1  10.8   4.6   0.5   0.0   0.0   0.0   0.0   1.5   6.1  11.0    58.9
COLLBRAN 2 SW             | 2000-2010 |  11.1  10.1   7.4   2.8   0.8   0.0   0.0   0.0   0.0   1.4   8.2  11.8    53.6
COLORADO NATL MONUMENT    | 1948-2010 |   9.1   4.8   4.6   1.3   0.1   0.0   0.0   0.0   0.0   0.6   3.6   7.5    31.6
COLORADO SPRINGS WSO AP   | 1948-2010 |   5.1   4.6   8.5   6.1   1.2   0.0   0.0   0.0   0.8   3.0   4.8   5.2    39.3
CONEJOS 3 NNW             | 1948-1960 |   7.1   1.9   2.7   3.8   0.3   0.0   0.0   0.0   0.0   1.6   2.0   2.4    21.8
CORTEZ                    | 1948-2010 |   8.8   6.7   4.9   1.7   0.0   0.0   0.0   0.0   0.0   0.4   2.4   7.6    32.5
CRAIG                     | 1948-1976 |  18.3  13.0  10.7   8.1   0.6   0.3   0.0   0.0   0.0   2.3   9.4  18.9    81.6
CRAIG 4 SW                | 1977-2010 |  15.1  13.5  10.9   5.6   1.3   0.0   0.0   0.0   0.3   3.3  10.8  13.2    74.0
CREEDE                    | 1978-2006 |   7.5   6.0   8.7   6.5   0.2   0.0   0.0   0.0   0.1   5.8   6.4   5.2    46.4
CRESTED BUTTE             | 1948-2010 |  44.8  37.6  33.9  18.3   6.5   0.5   0.0   0.0   1.2   8.3  28.4  39.4   218.9
CRESTONE 1 SE             | 1982-2010 |  10.1   7.3  13.1  10.6   2.1   0.0   0.0   0.0   0.0   3.8   7.5   8.0    62.5
CROOK                     | 1996-2010 |   3.1   5.0   4.1   2.1   0.0   0.0   0.0   0.0   0.1   1.5   2.4   4.4    22.7
DEER TRAIL                | 1948-2001 |   3.5   4.1  10.4  11.2   0.6   0.0   0.0   0.0   3.0   4.4   5.4   5.4    48.0
DELHI                     | 1954-1980 |   8.4   6.9  10.9   5.2   0.0   0.0   0.0   0.0   0.1   2.4   8.0   7.4    49.3
DEL NORTE                 | 1948-2010 |   5.7   5.7   7.9   4.9   1.4   0.0   0.0   0.0   0.1   3.1   5.6   7.5    41.9
DELTA                     | 1948-1999 |   3.8   2.1   1.7   0.2   0.0   0.0   0.0   0.0   0.0   0.1   1.3   2.5    11.7
DENVER WSFO AP            | 1948-2010 |   7.3   7.0  12.2   8.3   1.6   0.0   0.0   0.0   1.4   4.0   8.5   7.8    58.1
DENVER WATER DEPT         | 1997-2010 |   5.6   5.7  12.0   5.1   0.6   0.0   0.0   0.0   0.0   2.0   3.8   7.2    42.0
DENVER WSO CITY           | 1948-1974 |   7.3   8.0  11.7   7.7   1.3   0.0   0.0   0.0   1.3   3.4   6.6   5.8    53.1
DILLON 1 E                | 1948-2010 |  18.6  18.5  20.9  17.2   6.9   0.8   0.0   0.0   1.9   6.8  15.7  18.4   125.7
DINOSAUR NATL MONUMENT    | 1965-2010 |   8.7   6.3   5.6   3.1   0.5   0.2   0.0   0.0   0.2   1.5   4.6   8.5    39.2
DOHERTY RANCH             | 1948-1980 |   2.9   1.6   3.6   1.0   0.1   0.0   0.0   0.0   0.0   1.7   2.9   2.0    15.8
DOLORES                   | 1948-2004 |  16.0  13.5  11.6   4.6   0.8   0.0   0.0   0.0   0.0   1.6   7.3  11.4    66.8
DOVE CREEK                | 2003-2010 |  12.6  12.9  10.0   4.4   0.6   0.0   0.0   0.0   0.0   0.8   5.1  13.3    59.7
DURANGO                   | 1948-1991 |  18.7  12.7  11.9   3.7   0.5   0.0   0.0   0.0   0.0   0.9   5.5  16.4    70.3
DURANGO WATER RESOURCES   | 1991-2010 |  19.8  14.9   6.0   3.8   0.1   0.0   0.0   0.0   0.0   1.1   5.7  12.5    63.9
EADS 2 S                  | 1948-2010 |   3.7   2.6   3.7   1.5   0.0   0.0   0.0   0.0   0.0   0.5   2.6   2.6    17.2
EAGLE FAA AIRPORT         | 1948-1994 |  10.4   6.2   6.8   3.7   1.1   0.1   0.0   0.0   0.4   2.2   6.2  10.3    47.4
EASTONVILLE 1 NNW         | 1956-2010 |   8.5   7.9  17.1  18.5   6.4   0.6   0.0   0.0   2.0   8.6  10.4   9.3    89.3
EASTONVILLE 6 WSW         | 1956-1966 |   7.6  10.2  14.4  11.6   2.0   0.0   0.0   0.0   3.4   5.0   6.2   6.4    66.8
EDGEWATER                 | 1948-1962 |   7.7   6.9   9.1   6.0   0.7   0.0   0.0   0.0   0.0   0.9   3.2   3.5    38.0
ELBERT 3 SE               | 1956-1966 |   6.4   9.0  11.9  10.9   2.0   0.0   0.0   0.0   3.0   3.8   5.9   6.7    59.6
ELBERT 4 SSW              | 1956-1966 |   8.5   9.2  13.7  13.0   3.9   0.0   0.0   0.0   3.4   5.3   6.8   6.2    70.0
ELECTRA LAKE              | 1959-1976 |  28.0  25.5  32.0  12.0   1.0   0.0   0.0   0.0   0.0   3.0  13.7  42.7   157.9
ELIZABETH 2 ENE           | 1996-2010 |   8.9   6.1  11.8  15.7   2.2   0.0   0.0   0.0   0.3   8.0   7.7  12.4    73.1
ESTES PARK                | 1948-1994 |   3.7   6.2   8.5   4.0   0.4   0.0   0.0   0.0   0.5   1.0   3.6   5.5    33.4
ESTES PARK 1 SSE          | 2001-2010 |  10.6  10.9  24.0  16.0   9.0   0.0   0.0   0.0   0.7   7.0  10.4  12.8   101.4
EVERGREEN                 | 1961-2010 |   8.5   9.6  18.7  14.0   3.4   0.1   0.0   0.0   1.4   7.2  11.8   9.9    84.6
EVERSOLL RANCH            | 1948-1966 |   4.3   2.9   2.2   0.2   0.0   0.0   0.0   0.0   0.0   0.0   1.9   2.4    13.9
FAIRPLAY                  | 1954-1966 |  11.1  14.9  16.8  20.4   6.9   0.0   0.0   0.0   5.6   7.1  11.6  13.5   107.9
FAIRPLAY S PARK RD        | 2002-2010 |   9.3   8.1  18.6  11.7   5.8   0.3   0.0   0.0   1.7   8.1   6.5  10.7    80.8
FLAGLER 2 NW              | 1949-2010 |   3.9   3.3   5.5   3.7   0.8   0.0   0.0   0.0   0.4   2.1   4.4   4.3    28.4
FLATIRON RESERVOIR        | 1996-2010 |   6.0   5.7   9.3   5.0   0.4   0.0   0.0   0.0   0.6   1.6   5.4   5.3    39.3
FLEMING 1 W               | 1948-1998 |   5.5   5.5   7.9   5.0   0.6   0.0   0.0   0.0   0.3   2.1   5.9   5.1    37.9
FLEMING 3 SW              | 1998-2010 |   3.8   5.2   4.8   4.3   0.0   0.0   0.0   0.0   0.2   2.3   4.3   6.8    31.7
FLORISSANT FOSSIL BED     | 1988-2010 |   7.7   6.0  12.8   9.9   2.0   0.0   0.0   0.0   0.7   4.2   6.1   6.4    55.8
FORDER 8 S                | 1948-1979 |   4.4   3.6   7.1   3.2   0.2   0.0   0.0   0.0   0.4   1.2   3.4   3.4    26.9
FORT CARSON               | 1981-2003 |   3.5   3.4   4.8   2.3   0.3   0.0   0.0   0.0   0.0   1.5   3.8   3.4    23.0
FORT COLLINS              | 1948-2010 |   7.5   6.3  12.2   6.2   1.1   0.0   0.0   0.0   0.7   3.1   7.7   7.5    52.3
FORT COLLINS 4E           | 1994-2010 |   6.8   5.8  10.7   4.8   1.1   0.0   0.0   0.0   0.8   3.6   5.8   7.6    47.0
FORT LEWIS                | 1948-2010 |  21.1  15.1  11.4   5.2   0.5   0.0   0.0   0.0   0.0   1.4   8.0  16.1    78.8
FORT MORGAN               | 1948-2010 |   4.2   2.4   4.7   2.2   0.3   0.0   0.0   0.0   0.1   1.0   2.9   4.1    21.9
FOUNTAIN                  | 1948-1997 |   3.3   3.0   5.0   2.4   0.1   0.0   0.0   0.0   0.6   0.8   2.0   3.5    20.7
FOUNTAIN 6 NNE            | 1948-1959 |   2.6   2.6   3.7   5.8   0.7   0.0   0.0   0.0   3.1   2.0   2.7   1.8    25.0
FOWLER 1 SE               | 1948-2010 |   4.0   2.9   3.7   1.3   0.3   0.0   0.0   0.0   0.0   0.7   2.8   4.2    19.9
FRASER                    | 1989-2010 |  25.8  23.1  20.4  16.4   2.8   0.3   0.0   0.0   1.1   8.1  18.5  25.3   141.8
FRUITA 1 W                | 1948-2010 |   4.9   2.1   1.2   0.2   0.0   0.0   0.0   0.0   0.0   0.1   1.3   3.6    13.4
GARDNER                   | 1948-1971 |   4.8   6.3   7.6   7.3   1.6   0.0   0.0   0.0   0.0   3.4   3.6   5.4    40.0
GATEWAY 1 SE              | 1948-2010 |   5.4   1.8   2.2   0.7   0.0   0.0   0.0   0.0   0.0   0.0   1.0   4.4    15.5
GENOA                     | 1948-2010 |   4.0   2.9   6.8   4.9   1.1   0.0   0.0   0.0   0.5   2.6   4.7   3.3    30.8
GEORGETOWN                | 1948-2010 |  10.4   9.4  16.4  17.5   6.1   0.8   0.0   0.0   1.9   6.8  10.9  10.9    91.1
GLADE PARK 17 W           | 1999-2010 |  11.4  11.2  11.7   5.3   1.0   0.0   0.0   0.0   0.0   1.2   7.7  12.4    61.9
GLENDEVEY                 | 1949-1958 |  19.5  18.8  21.1  18.6   4.2   1.6   0.0   0.0   0.8   4.9  14.4  19.8   123.7
GLENWOOD SPRINGS # 2      | 1948-2010 |  16.9   9.4   6.4   1.7   0.2   0.0   0.0   0.0   0.0   0.7   5.4  15.0    55.7
GOULD 4 SE SFSP           | 2000-2010 |  25.7  25.3  25.6  24.8  13.8   2.2   0.0   0.0   2.3  10.7  25.4  26.2   182.0
GRAND JUNCTION WALKER     | 1948-2010 |   6.4   3.7   3.3   0.9   0.1   0.0   0.0   0.0   0.0   0.5   2.4   5.2    22.5
GRAND JUNCTION 6 ESE      | 1962-2010 |   3.3   1.8   1.6   0.3   0.0   0.0   0.0   0.0   0.0   0.2   1.3   3.8    12.3
GRAND LAKE 1 NW           | 1948-2010 |  29.5  21.3  18.9  16.5   4.7   0.4   0.0   0.0   1.0   6.0  19.0  27.3   144.6
GRAND LAKE 6 SSW          | 1948-2010 |  15.5  12.2  12.0   7.6   2.0   0.3   0.0   0.0   1.1   1.8   8.0  16.7    77.2
GRAND VALLEY              | 1965-1981 |  11.6   4.6   1.8   0.7   0.1   0.0   0.0   0.0   0.1   0.2   2.7  11.4    33.2
GRANT                     | 1963-2010 |   9.2  10.7  18.4  15.3   5.7   0.8   0.0   0.0   2.3   8.4  12.0  12.9    95.7
GREAT SAND DUNES N M      | 1950-2010 |   6.7   5.1   8.1   6.1   1.3   0.0   0.0   0.0   0.1   2.7   4.6   5.8    40.5
GREELEY                   | 1948-1967 |   3.0   1.6   5.6   2.5   0.1   0.0   0.0   0.0   0.2   0.4   1.8   1.9    17.1
GREELEY UNC               | 1967-2010 |   5.8   4.2   7.4   4.8   0.8   0.0   0.0   0.0   0.6   3.1   6.7   6.5    39.9
GREEN MOUNTAIN DAM        | 1948-2010 |  13.5  11.3  13.1   6.9   1.7   0.1   0.0   0.0   0.2   2.4   9.8  13.0    72.0
GROSS RESERVOIR           | 1978-2010 |  10.8  11.5  24.3  20.3   4.7   0.0   0.0   0.0   1.5   7.2  14.4  14.6   109.3
GROVER 10 W               | 1948-1970 |   5.7   4.0   8.5   5.9   0.5   0.0   0.0   0.0   0.1   2.6   5.0   3.5    35.8
GUFFEY 10 SE              | 1950-2006 |   6.6   8.6  14.3  11.4   3.4   0.2   0.0   0.0   1.4   5.7   8.0   8.8    68.4
GUNNISON 1 N              | 1948-2010 |  12.5   9.5   6.5   3.3   0.6   0.0   0.0   0.0   0.1   1.3   6.1  10.8    50.7
HAMILTON                  | 1948-2007 |  12.6  10.4   8.6   3.4   0.4   0.1   0.0   0.0   0.2   1.9   6.8  11.7    56.1
HARMON RANCH              | 1948-1959 |   4.6   2.7   5.9   1.6   0.1   0.1   0.0   0.0   0.0   0.1   2.9   2.3    20.3
HARTSEL                   | 1948-1966 |   5.8   3.3   4.2   6.1   4.7   0.3   0.0   0.0   0.0   2.0   4.5   6.4    37.3
HASWELL                   | 1948-2010 |   4.0   4.0   5.6   3.0   0.2   0.0   0.0   0.0   0.1   1.6   2.9   4.1    25.5
HAWTHORNE                 | 1948-1976 |  13.1  15.0  20.9  13.2   1.6   0.0   0.0   0.0   0.6   3.9  11.6  10.9    90.8
HAYDEN                    | 1948-2010 |  26.0  18.7  14.4   8.2   0.9   0.1   0.0   0.0   0.6   4.5  15.3  25.0   113.7
HERMIT 7 ESE              | 1948-2010 |  10.7   8.7  11.9   8.2   2.0   0.0   0.0   0.0   0.1   4.7   9.2  11.9    67.4
HOHNHOLZ RANCH            | 1985-2010 |  12.2  13.7  17.8  17.3   7.9   0.8   0.0   0.0   2.1   8.8  12.5  13.7   106.8
HOLLY                     | 1948-2009 |   4.5   3.4   4.2   1.2   0.0   0.0   0.0   0.0   0.0   0.4   2.5   3.8    20.0
HOLYOKE                   | 1948-2010 |   5.5   4.8   7.6   3.2   0.2   0.0   0.0   0.0   0.1   1.7   4.8   4.9    32.8
HOT SULPHUR SPRINGS 2 S   | 1953-1981 |  16.3  11.5  13.7   9.9   1.6   0.0   0.0   0.0   1.5   4.3  10.4  14.7    83.9
HOURGLASS RESERVOIR       | 1988-2010 |  15.6  15.0  28.6  29.3  11.7   1.8   0.0   0.0   3.3  12.2  16.8  17.2   151.5
HUGO                      | 1948-2010 |   2.4   2.4   3.9   4.3   0.3   0.0   0.0   0.0   0.2   1.7   2.7   3.7    21.6
IDAHO SPRINGS             | 1948-1974 |   6.9   8.9  12.7  16.3   4.2   0.2   0.0   0.0   2.8   6.5   9.2   8.8    76.5
IDALIA 4 NNE              | 1948-2010 |   5.2   3.7   6.5   3.3   0.4   0.0   0.0   0.0   0.2   1.4   3.4   3.7    27.8
IGNACIO 1 N               | 1948-1993 |   9.5   6.1   3.9   1.1   0.0   0.0   0.0   0.0   0.0   0.3   1.4   6.2    28.5
IGNACIO 8 E               | 2001-2010 |   9.8  10.8   3.4   0.9   0.0   0.0   0.0   0.0   0.0   0.0   2.2   9.0    36.1
INDEPENDENCE PASS 5 SW    | 1948-1980 |  50.1  38.6  58.7  45.0  20.5   3.7   0.0   0.0   4.9  19.7  43.8  52.4   337.4
INTER CANYON              | 1978-2010 |  14.2  15.8  30.6  24.4   5.7   0.0   0.0   0.0   1.9   8.5  19.1  19.3   139.5
JOES 2 SE                 | 1948-2010 |   5.5   3.4   4.1   3.6   0.6   0.0   0.0   0.0   0.5   2.3   4.6   5.0    29.6
JOHN MARTIN DAM           | 1948-2010 |   1.7   1.1   2.2   0.1   0.0   0.0   0.0   0.0   0.0   0.1   0.9   0.9     7.0
JONES PASS 2 E            | 1961-1973 |  28.1  25.3  27.5  29.7  14.8   4.9   0.0   0.1   6.8  14.9  29.2  27.4   208.7
JULESBURG                 | 1948-2010 |   4.9   3.3   5.3   1.9   0.1   0.0   0.0   0.0   0.0   0.9   3.7   4.2    24.3
KARVAL                    | 1948-2010 |   3.3   1.9   3.7   1.8   0.3   0.0   0.0   0.0   0.1   0.9   2.6   3.0    17.6
KASSLER                   | 1948-2010 |  10.2  10.5  15.7   9.8   0.6   0.0   0.0   0.0   0.9   4.0  10.3  12.5    74.5
KAUFFMAN 4 SSE            | 1948-1987 |   4.6   2.6   8.9   6.2   0.5   0.0   0.0   0.0   0.2   1.7   4.0   4.1    32.8
KIM 15 NNE                | 1948-2010 |   6.5   4.8   8.5   5.4   1.2   0.0   0.0   0.0   0.3   3.5   5.2   7.4    42.8
KIM 10 SSE                | 1988-2010 |   4.5   3.2   6.1   4.2   1.5   0.0   0.0   0.0   0.0   1.8   3.3   5.2    29.8
KIOWA 4 SW                | 1956-1966 |   9.0  11.6  14.0  12.8   3.7   0.0   0.0   0.0   4.4   4.3   6.3   7.0    73.1
KIT CARSON 6 SE           | 1948-2010 |   2.9   2.5   3.3   1.9   0.2   0.0   0.0   0.0   0.1   0.5   2.8   3.3    17.5
KIT CARSON 9 NNE          | 1996-2010 |   2.5   3.3   3.0   0.8   0.0   0.0   0.0   0.0   0.0   1.8   1.1   7.1    19.6
KREMMLING                 | 1948-2010 |  10.6   8.4   7.2   4.4   0.8   0.1   0.0   0.0   0.1   2.3   7.0   9.7    50.6
LA JUNTA 4 NNE            | 1948-2010 |   4.6   4.2   5.8   2.4   0.3   0.0   0.0   0.0   0.0   1.0   3.0   3.8    25.1
LA JUNTA 1 S              | 1995-2010 |   7.5   4.9   6.7   1.7   0.0   0.0   0.0   0.0   0.0   3.0   2.1   9.9    35.8
LA JUNTA 20 S             | 1982-2010 |   4.3   3.9   4.8   1.9   0.3   0.0   0.0   0.0   0.1   1.3   3.2   6.7    26.5
LAKE CITY                 | 1948-2010 |  12.3  10.5  13.6   9.7   3.4   0.2   0.0   0.0   0.7   5.1  12.4  14.1    82.0
LAKE GEORGE 8 SW          | 1948-2010 |   5.6   6.2  12.5  10.6   2.7   0.2   0.0   0.0   1.2   5.2   6.2   7.8    58.2
LAKE MORAINE              | 1948-1963 |  10.5  12.3  24.0  35.4  24.6   1.4   0.1   0.0   0.7   7.4  12.8   7.8   137.0
LAKEWOOD                  | 1962-2010 |   7.4   7.2  11.2   7.4   1.0   0.0   0.0   0.0   0.9   3.9   7.9   7.9    54.8
LAMAR                     | 1948-2010 |   5.8   4.3   5.9   1.8   0.0   0.0   0.0   0.0   0.0   1.1   3.5   4.9    27.3
LAS ANIMAS                | 1948-2010 |   4.2   3.2   4.2   1.0   0.1   0.0   0.0   0.0   0.0   0.9   2.6   3.8    20.0
LA VETA                   | 1963-1971 |   9.3  20.9  24.0  13.8   1.0   0.0   0.0   0.0   1.0   7.8   5.8  16.4   100.0
LEADVILLE                 | 1948-1982 |  16.8  13.0  16.8  14.7   6.6   2.3   0.0   0.0   3.9   7.4  12.4  23.2   117.1
LEADVILLE 2 SW            | 1976-2008 |  17.9  18.1  21.4  23.8   8.2   1.7   0.1   0.0   2.0  10.0  19.5  19.5   142.2
LEMON DAM                 | 1982-2010 |  31.8  29.8  23.6  11.5   1.2   0.0   0.0   0.0   0.0   3.8  19.6  27.7   149.0
LEROY 5 WSW               | 1948-2010 |   6.2   5.6   9.4   6.2   0.9   0.0   0.0   0.0   0.5   2.4   6.3   6.5    44.0
LIME 3 SE                 | 1948-1968 |   7.1   7.1   7.6   3.5   0.2   0.0   0.1   0.0   0.7   1.2   3.9   4.7    36.1
LIMON 10 SSW              | 1948-1971 |   4.1   2.8   7.9   2.9   0.9   0.0   0.0   0.0   0.2   1.7   3.2   2.2    25.9
LIMON                     | 1948-1971 |   3.7   2.6   7.2   2.6   0.4   0.0   0.0   0.0   0.5   2.4   3.6   2.8    25.8
LIMON WSMO                | 1971-1999 |   5.0   4.3   7.4   4.5   1.9   0.0   0.0   0.0   0.5   2.8   6.3   4.3    37.0
LIMON HASS RANCH          | 1956-2010 |   3.5   2.7   6.0   5.3   0.1   0.0   0.0   0.0   0.4   2.6   2.8   2.6    26.0
LINDON 4 S                | 1988-2010 |   4.7   3.4   4.0   2.6   0.0   0.0   0.0   0.0   0.7   2.9   4.9   5.3    28.5
LITTLE HILLS              | 1948-1991 |  10.7   9.1  11.4   5.1   1.0   0.1   0.0   0.0   0.0   2.4   5.9  10.5    56.2
LITTLETON                 | 1978-1994 |   8.9   7.8  11.8   7.8   0.5   0.0   0.0   0.0   0.8   2.9  12.2  12.6    65.3
LONGMONT 2 ESE            | 1948-2004 |   5.6   4.3   7.1   4.0   0.4   0.0   0.0   0.0   0.3   1.3   5.1   5.6    33.7
LOVELAND NCWCD            | 1989-2010 |   6.1   5.4   6.9   4.1   0.2   0.0   0.0   0.0   0.1   2.8   6.2   7.6    39.4
MANASSA                   | 1948-2010 |   4.1   3.6   4.2   2.7   0.6   0.0   0.0   0.0   0.0   2.0   3.2   5.2    25.6
MANCOS                    | 1948-2010 |  14.9  10.7   7.3   1.8   0.5   0.0   0.0   0.0   0.0   0.5   4.2   9.2    49.1
MARSTON FILTER PLANT      | 1995-2010 |   6.9   4.1   6.9   3.7   0.1   0.0   0.0   0.0   0.0   1.0   4.6   5.8    33.1
MARVINE                   | 1948-2001 |  31.5  28.7  28.0  21.1   4.8   0.2   0.0   0.0   1.5   6.6  18.3  34.4   175.1
MARVINE RANCH             | 1972-1998 |  36.2  33.5  33.7  23.9   6.9   0.5   0.0   0.0   0.2   6.6  28.9  36.7   207.1
MASSADONA 3 E             | 1988-2009 |  10.9   8.1   5.4   2.5   0.9   0.1   0.0   0.0   0.0   2.2   6.6   9.5    46.2
MATHESON 8 SE             | 1995-2010 |   5.1   4.0   7.7   7.2   0.8   0.0   0.0   0.0   0.6   6.0   3.9   6.2    41.5
MAYBELL                   | 1958-2010 |  12.3  10.1   8.9   4.5   0.9   0.0   0.0   0.0   0.4   1.7   9.5  12.6    60.9
MEEKER                    | 1948-2010 |  15.8  13.3  12.1   5.5   0.8   0.0   0.0   0.0   0.4   2.5  10.0  14.6    75.0
MEEKER NO 2               | 1970-1992 |  14.3  10.7  15.3   8.5   1.8   0.6   0.0   0.0   0.1   5.8  11.7  16.0    84.8
MEREDITH                  | 1963-2007 |  18.9  17.6  13.8   7.4   1.2   0.1   0.0   0.0   0.0   1.5  10.7  18.6    89.8
MESA LAKES RESORT         | 1971-1979 |  67.2  50.6  60.6  52.0  17.4   3.4   0.0   0.0   1.4  23.4  46.0  58.2   380.2
MESA VERDE NATL PARK      | 1948-2010 |  20.0  15.1  13.6   5.6   0.7   0.0   0.0   0.0   0.0   1.5   7.6  15.8    79.9
MONTE VISTA               | 1948-2010 |   3.9   3.5   4.4   2.3   0.6   0.0   0.0   0.0   0.0   1.3   3.5   4.3    23.8
MONTROSE 2                | 1948-2010 |   6.1   3.7   2.8   1.0   0.0   0.0   0.0   0.0   0.0   0.3   1.9   5.5    21.3
MONUMENT 2 WSW            | 1948-1964 |  10.8  16.7  20.8  21.8   5.4   0.0   0.1   0.0   2.4   3.7  10.3   8.3   100.3
MONUMENT                  | 1988-2003 |  13.4  10.0  22.2  22.3   3.1   0.0   0.0   0.0   1.4   9.1  15.9  12.7   110.1
MT EVANS RESEARCH STN     | 1983-1999 |  24.2  32.4  49.7  60.7  24.9   3.8   0.2   0.0  10.5  24.0  39.1  22.0   291.5
NEDERLAND 2 NNE           | 1970-1988 |  13.2  13.0  23.9  24.2  12.2   1.7   0.0   0.0   5.2   9.2  19.8  16.1   138.5
NEW RAYMER                | 1948-2004 |   4.9   3.7   6.6   4.4   0.5   0.0   0.0   0.0   0.6   2.8   5.7   4.7    33.9
NEW RAYMER 21 N           | 1987-2010 |   5.4   5.3   8.0   5.3   1.2   0.0   0.0   0.0   0.7   3.8   6.7   7.2    43.6
NORTHDALE                 | 1948-2002 |  10.5   6.8   5.2   1.4   0.0   0.0   0.0   0.0   0.0   0.9   2.9   6.6    34.3
NORTHGLENN                | 1984-2010 |   6.3   5.3   7.3   5.8   0.4   0.0   0.0   0.0   0.4   2.2   6.9   7.8    42.4
NORTH LAKE                | 1948-1980 |   9.0  11.5  20.2  14.4   3.7   0.3   0.0   0.0   0.1   2.7   7.1  10.4    79.4
NORWOOD                   | 1948-2008 |  12.8  10.2   9.6   4.9   0.6   0.0   0.0   0.0   0.0   2.4   7.9  10.8    59.2
NUNN                      | 1948-1997 |   5.8   5.1   7.9   4.2   0.4   0.0   0.0   0.0   1.0   1.6   7.0   4.8    37.8
ORDWAY 2 ENE              | 1948-2010 |   3.1   2.5   3.6   0.9   0.3   0.0   0.0   0.0   0.0   0.3   2.2   3.1    16.0
ORDWAY 21 N               | 1980-2010 |   2.9   2.6   3.4   1.7   0.0   0.0   0.0   0.0   0.1   0.8   2.6   2.5    16.6
OTIS 11 NE                | 1948-1989 |   4.2   3.5   8.2   3.8   0.6   0.0   0.0   0.0   0.3   1.9   4.5   4.0    31.0
OURAY                     | 1948-2006 |  24.7  22.8  25.5  12.9   3.1   0.2   0.0   0.0   0.2   5.7  20.4  21.9   137.4
OVID                      | 1948-1959 |   1.8   4.6   5.6   1.8   0.3   0.0   0.0   0.0   0.0   0.7   4.0   2.6    21.4
PAGOSA SPRINGS            | 1948-1998 |  29.2  19.1  16.7   5.6   1.0   0.0   0.0   0.0   0.0   3.3  11.3  22.4   108.6
PAGOSA SPRINGS 4 NW       | 1999-2010 |  25.6  19.0  11.5   3.7   1.1   0.0   0.0   0.0   0.0   0.3   8.7  22.7    92.6
PALISADE                  | 1948-2010 |   3.8   2.0   1.6   0.2   0.0   0.0   0.0   0.0   0.0   0.0   1.1   3.0    11.7
PALISADE LAKES 6 SSE      | 1948-1971 |  29.9  19.5  21.2  10.7   2.0   0.1   0.0   0.0   0.2   4.3  13.4  26.8   128.1
PALMER LAKE               | 1965-2009 |  10.9  13.4  24.1  23.0   2.8   0.6   0.0   0.0   0.9  10.0  17.1  14.1   116.9
PAONIA 1 SW               | 1948-2010 |  11.4   7.9   6.5   1.9   0.2   0.0   0.0   0.0   0.0   0.7   4.1  11.9    44.6
PARADOX 1 E               | 1948-1977 |   7.2   4.7   2.4   0.8   0.0   0.0   0.0   0.0   0.0   0.4   1.1   6.3    22.9
PARADOX 1 W               | 1977-1995 |  10.2   4.6   1.3   1.0   0.1   0.0   0.0   0.0   0.0   0.6   2.7   6.6    27.1
PARKER 2 N                | 1997-2010 |   7.2   5.6  11.2   8.4   1.7   0.0   0.0   0.0   0.0   6.9   6.3  10.8    58.1
PARKER 6 E                | 1948-1997 |   6.1   6.0  10.8   9.1   2.3   0.1   0.0   0.0   1.3   4.0   7.9   5.8    53.4
PARSHALL 10 SSE           | 1951-1973 |  17.3  17.7  16.8  12.0   4.1   0.3   0.0   0.0   4.3   4.0  13.6  18.4   108.5
PENROSE                   | 1948-1973 |   1.7   3.7   4.9   1.3   0.0   0.0   0.0   0.0   1.3   1.4   1.6   2.0    17.9
PEVERLY RANCH             | 1948-1955 |   3.2   2.1   5.2   1.6   0.2   0.0   0.0   0.0   0.0   0.3   5.6   2.4    20.6
PITKIN                    | 1948-1986 |  24.6  17.8  19.2  14.7   4.3   0.3   0.0   0.0   1.0   4.8  15.5  24.3   126.5
PLACERVILLE               | 1948-2008 |  14.9  11.8  14.5   5.8   1.1   0.0   0.0   0.0   0.2   2.5   8.9  15.2    74.9
POWDERHORN                | 1964-1971 |   7.2   6.9   5.0   3.3   1.3   0.0   0.0   0.0   0.0   6.7   7.5   9.0    46.9
PUEBLO WB AIRPORT         | 1948-1954 |   5.9   3.0   7.8   2.7   1.7   0.0   0.1   0.0   0.0   0.9   5.0   3.9    31.0
PUEBLO WSO AP             | 1954-2010 |   5.3   3.9   5.9   3.3   0.3   0.0   0.0   0.0   0.5   1.2   3.6   4.9    28.9
PUEBLO CITY RESERVOIR     | 1948-1971 |   1.9   0.8   1.2   1.4   0.0   0.0   0.0   0.0   0.0   0.3   0.4   0.0     6.0
PUEBLO ARMY DEPOT         | 1957-1977 |   3.3   1.0   1.6   1.9   0.0   0.0   0.0   0.0   0.0   0.0   0.3   1.2     9.3
PUEBLO RESERVOIR          | 1975-2010 |   3.6   2.1   2.5   1.4   0.3   0.0   0.0   0.0   0.0   0.7   2.8   4.7    18.1
PYRAMID                   | 1948-2005 |  31.6  27.5  29.3  21.7   5.7   0.3   0.0   0.0   1.9  10.1  24.4  28.0   180.5
RALSTON RESERVOIR         | 1978-2010 |   8.6   8.3  13.3  10.0   1.7   0.0   0.0   0.0   0.7   3.6  10.6  11.5    68.3
RAND                      | 1988-1998 |  13.3  13.8  14.4  14.2   5.6   0.3   0.0   0.0   2.1   9.3  15.0  10.0    98.0
RANGELY 1 E               | 1950-2010 |   6.6   5.9   3.2   1.5   0.0   0.0   0.0   0.0   0.0   0.2   2.8   6.6    26.8
RED FEATHER LAKES 2 SE    | 1948-1990 |   8.4   9.3  18.3  15.9   5.3   0.7   0.0   0.0   2.4   5.9  11.3  10.5    88.0
REDSTONE 4 W              | 1979-1994 |  26.0  29.9  32.4  12.0   5.2   0.4   0.0   0.0   0.5   6.8  26.3  29.5   169.0
RED WING 1 WSW            | 1982-1995 |   7.2   7.6  16.8   9.6   1.5   0.0   0.0   0.0   0.6   5.7  11.7   8.5    69.2
RICO                      | 1948-2001 |  32.1  26.5  30.7  18.4   6.0   0.1   0.0   0.0   0.4   7.6  21.5  26.2   169.5
RIDGWAY                   | 1982-2010 |  12.6  13.1  17.1   8.1   1.6   0.0   0.0   0.0   0.2   3.8  12.9  15.1    84.5
RIFLE                     | 1948-2007 |  11.8   8.7   4.0   0.6   0.0   0.0   0.0   0.0   0.0   0.7   4.2  13.0    43.0
RIO GRANDE RESERVOIR      | 1977-2010 |  19.6  23.3  22.5  15.4   4.0   0.0   0.0   0.0   0.3   5.9  20.0  20.2   131.2
ROCKY FORD 2 SE           | 1948-2010 |   4.8   3.6   5.1   1.8   0.3   0.0   0.0   0.0   0.0   1.1   3.0   4.4    24.1
RUSH                      | 1948-2010 |   3.9   2.9   5.0   3.5   0.3   0.0   0.0   0.0   0.4   1.7   3.1   3.5    24.3
RUSTIC 9 WSW              | 1993-2010 |   6.6   6.1  13.2  13.9   3.3   0.0   0.0   0.0   2.2   5.9   7.7   7.8    66.7
RUXTON PARK               | 1959-2010 |  10.1  15.2  28.8  28.7   9.9   1.0   0.2   0.0   2.5  12.9  13.3  15.9   138.5
RYE                       | 1948-1992 |   8.8  10.7  15.1   8.8   1.3   0.1   0.0   0.0   0.5   3.9   8.1   7.2    64.5
RYE 1 SW                  | 1997-2010 |  20.7  16.5  29.4  20.6   1.5   0.0   0.0   0.0   0.2   9.0  13.7  23.1   134.7
SAGUACHE                  | 1948-2009 |   4.3   3.5   4.6   3.2   0.5   0.0   0.0   0.0   0.0   1.4   2.9   4.5    24.9
SALIDA                    | 1948-2010 |   4.6   5.6   8.0   6.4   2.3   0.0   0.0   0.0   0.6   5.5   6.9   6.2    46.1
SALIDA 3 W                | 1970-1984 |   4.3   3.6   7.6   2.7   1.0   0.0   0.0   0.0   0.7   3.5   4.6   6.2    34.2
SAN LUIS 1 E              | 1980-2006 |   2.2   2.9   4.2   2.4   0.3   0.0   0.0   0.0   0.0   1.9   3.4   2.4    19.7
SARGENTS                  | 1958-2010 |  19.9  18.1  16.4  11.5   2.3   0.0   0.0   0.0   0.5   4.4  12.6  19.7   105.4
SARGENTS 6W               | 1948-1958 |  18.8  13.1  10.6  10.3   2.3   0.0   0.0   0.0   0.0   1.4  11.6  15.9    84.0
SEDALIA 4 SSE             | 1956-2010 |   8.4   8.4  15.1  12.1   1.8   0.0   0.0   0.0   1.4   5.9  10.7  10.8    74.6
SEDGWICK                  | 1948-2006 |   3.6   4.5   6.6   3.7   0.4   0.0   0.0   0.0   0.1   0.7   5.2   4.1    28.9
SEDGWICK 5 S              | 1952-2010 |   6.6   6.0   8.9   4.7   0.1   0.0   0.0   0.0   0.2   2.0   5.0   6.0    39.5
SHAW 4 ENE                | 1996-2010 |   5.8   6.4   8.1   5.9   0.5   0.0   0.0   0.0   0.5   5.9   6.0   7.7    46.8
SHEEP MOUNTAIN            | 1988-2010 |   9.3   9.1   9.2   8.2   1.5   0.0   0.0   0.0   0.1   3.6   9.0   9.3    59.3
SHERIDAN LAKE             | 2000-2008 |   4.5   4.0   2.8   1.7   0.0   0.0   0.0   0.0   0.0   0.2   0.7   6.7    20.6
SHOSHONE                  | 1948-2007 |  17.2   9.6   3.5   0.2   0.0   0.0   0.0   0.0   0.0   0.3   5.1  15.1    51.0
SILVERTON                 | 1948-2010 |  27.7  24.2  25.1  16.0   4.7   0.1   0.0   0.0   0.9   7.7  21.4  25.1   152.9
SOUTH PLATTE              | 1978-1995 |   6.6   9.0  16.6  10.1   0.3   0.0   0.0   0.0   0.2   2.4  12.9   8.6    66.7
SPICER                    | 1948-2003 |  24.6  20.3  22.4  16.8   5.8   0.4   0.0   0.0   1.5   5.2  20.0  23.8   140.8
SPRINGFIELD               | 1948-1985 |   5.0   4.1   6.2   1.3   0.2   0.1   0.0   0.0   0.1   1.1   3.3   3.7    25.1
SPRINGFIELD 7 WSW         | 1956-2002 |   4.8   4.4   7.1   3.3   0.8   0.0   0.0   0.0   0.2   1.6   4.2   4.4    30.8
SPRINGFIELD 8 S           | 1948-1964 |   2.4   1.3   2.6   0.7   0.1   0.0   0.0   0.0   0.0   0.0   1.9   1.2    10.2
SQUAW MOUNTAIN            | 1964-1981 |  10.2  18.9  34.0  39.0  29.5   8.1   0.0   0.0  10.1  17.3  20.9  16.3   204.3
STEAMBOAT SPRINGS         | 1948-2010 |  38.1  28.5  22.0  13.4   2.5   0.1   0.0   0.0   0.8   6.5  22.3  35.8   170.0
STERLING                  | 1948-2010 |   3.9   3.0   4.2   1.9   0.1   0.0   0.0   0.0   0.1   0.3   3.2   4.0    20.7
STONINGTON                | 1948-1999 |   4.4   2.9   3.2   0.8   0.1   0.0   0.0   0.0   0.1   0.3   2.0   3.3    17.1
STRATTON                  | 1948-2010 |   4.6   4.4   6.0   3.1   0.2   0.0   0.0   0.0   0.2   2.2   4.5   4.2    29.4
STRONTIA SPRINGS DAM      | 1984-2010 |  12.0  10.7  17.5  12.8   0.7   0.0   0.0   0.0   0.6   4.6  12.1  17.8    88.8
SUGARLOAF RESERVOIR       | 1948-2010 |  17.3  17.6  18.2  13.5   5.7   0.8   0.0   0.0   0.9   4.6  16.4  16.5   111.5
TACOMA                    | 1949-1987 |  28.2  22.1  24.3   9.5   1.5   0.0   0.0   0.0   0.0   2.7  15.4  28.8   132.5
TACONY 10 SE              | 1955-2010 |   4.1   2.9   4.7   2.8   0.4   0.0   0.0   0.0   0.5   0.9   3.1   4.4    23.8
TAYLOR PARK               | 1948-2010 |  24.0  17.1  16.6  10.4   2.7   0.0   0.0   0.0   0.2   3.0  12.5  21.8   108.3
TELLURIDE                 | 1948-2008 |  28.5  24.4  30.2  20.3   6.6   0.5   0.0   0.0   1.0   9.1  22.4  26.0   169.0
TIMPAS 13 SW              | 1978-1993 |   7.4   7.4  11.6   6.9   1.5   0.0   0.0   0.0   0.4   1.9   7.5   7.4    52.0
TRINIDAD                  | 1948-2010 |   6.8   7.1   8.4   5.6   0.5   0.0   0.0   0.0   0.0   2.0   5.5 182.0   217.9
TRINIDAD FAA ARPT         | 1948-2010 |   4.7   5.3   7.2   4.9   1.3   0.0   0.0   0.0   0.4   3.3   6.5   6.2    39.8
TRINIDAD LAKE             | 1989-2010 |   5.1   5.9   4.9   3.7   0.0   0.0   0.0   0.0   0.0   3.0   3.3   7.1    33.0
TROUT LAKE                | 1948-1986 |  37.7  32.9  43.9  22.6  11.3   0.6   0.0   0.0   0.2   9.2  32.1  39.0   229.5
TROY 1 SE                 | 1948-1987 |   3.5   4.7   5.9   2.7   0.3   0.0   0.0   0.0   0.0   0.8   3.7   4.5    26.1
TWIN LAKES RESERVOIR      | 1949-2010 |   5.7   7.0   7.1   7.0   2.5   0.3   0.0   0.0   0.3   2.1   5.3   7.4    44.7
TWO BUTTES                | 1948-1972 |   3.4   2.9   3.1   0.3   0.1   0.0   0.0   0.0   0.0   0.0   1.3   2.2    13.3
URAVAN                    | 1960-2010 |   3.8   1.3   0.5   0.1   0.0   0.0   0.0   0.0   0.0   0.2   0.7   4.0    10.6
VAIL                      | 1985-2010 |  33.8  33.2  24.4  22.2   4.8   0.2   0.0   0.0   1.0   7.6  27.5  28.0   182.7
VALLECITO DAM             | 1948-2010 |  28.0  21.6  19.5   7.8   1.1   0.0   0.0   0.0   0.0   2.4  12.1  23.2   115.7
VERNON 4 SW               | 1998-2005 |   2.8   2.8   4.3   1.4   0.0   0.0   0.0   0.0   0.1   0.6   2.4   1.7    16.1
VIRGINIA DALE 7 ENE       | 1995-2010 |   9.7   8.0  15.4  18.5   6.4   0.3   0.0   0.0   2.2   7.9  10.2   9.5    88.1
VONA                      | 1948-1982 |   4.5   3.6   9.0   4.2   0.8   0.0   0.0   0.0   0.3   2.4   5.1   3.9    33.8
WAGON WHEEL GAP 3 N       | 1948-1972 |   8.7   5.7   7.6   5.5   0.3   0.0   0.0   0.0   0.0   1.2   6.6  11.3    46.9
WALDEN                    | 1948-2010 |   8.3   6.9   7.7   7.3   3.5   0.4   0.0   0.0   1.4   4.2   8.8   9.1    57.6
WALSENBURG                | 1948-2010 |  11.0  11.7  17.4  12.1   2.1   0.0   0.0   0.0   0.5   5.3  11.0  13.2    84.3
WALSH 1 W                 | 1951-2010 |   4.7   3.2   4.8   1.4   0.2   0.0   0.0   0.0   0.1   0.8   2.4   4.5    22.1
WATERDALE                 | 1948-2010 |   6.4   6.0   9.8   5.0   0.3   0.0   0.0   0.0   0.6   2.4   6.0   7.7    44.2
WAVERLY 1W                | 2004-2010 |   7.3   3.5   5.3   5.0   0.0   0.0   0.0   0.0   0.0   1.2   2.8   7.0    32.1
WESTCLIFFE                | 1948-2010 |   9.0  10.3  17.9  14.8   5.3   0.1   0.0   0.0   1.4   8.5  11.6  11.1    90.0
WHEAT RIDGE 2             | 1981-2010 |   9.8   9.3  16.3  11.8   1.8   0.0   0.0   0.0   1.5   6.6  12.0  12.7    81.8
WIGGINS 7 SW              | 1960-1971 |   5.9   5.3   6.5   1.1   0.1   0.0   0.0   0.0   0.0   3.7   2.4   3.1    28.1
WILLIAMS FORK DAM         | 1982-2010 |  11.8  12.4  10.0  10.0   1.9   0.1   0.0   0.0   0.5   4.3  11.8  11.0    73.8
WINDSOR                   | 1948-1990 |   3.3   1.9   3.2   1.3   0.0   0.0   0.0   0.0   0.0   0.1   1.9   3.0    14.7
WINTER PARK               | 1948-2010 |  35.7  30.7  35.4  32.0  11.0   1.3   0.0   0.0   2.5  11.9  29.7  35.0   225.2
WOLF CREEK PASS 1 E       | 1957-2001 |  73.3  66.4  77.7  41.5  12.6   1.3   0.0   0.0   3.1  26.1  54.5  78.6   435.1
WOLF CREEK PASS 4 W       | 1948-1971 |  77.5  53.4  58.3  29.0   6.0   0.2   0.0   0.0   1.3  13.7  40.6  71.7   351.7
WOODROS 6 NNE             | 1993-2010 |   3.6   3.6   5.2   4.1   0.5   0.0   0.0   0.0   0.7   2.6   4.1   5.6    30.0
WOOTTON RANCH             | 1978-2001 |   5.9   9.5  13.3  10.2   2.2   0.0   0.0   0.0   0.2   2.1   8.6   6.6    58.6
WRAY                      | 1948-2010 |   4.9   3.6   5.8   2.0   0.1   0.0   0.0   0.0   0.1   1.5   3.4   3.6    25.0
YAMPA                     | 1948-2010 |  21.1  17.2  17.7  13.9   3.9   0.4   0.0   0.1   1.7   7.3  17.6  20.3   121.2
YELLOW JACKET 2 W         | 1962-2002 |  15.0  14.0  10.5   4.4   0.9   0.0   0.0   0.0   0.0   1.5   7.2  14.1    67.6
YELLOW JACKET 4NE         | 2003-2010 |  18.4  18.1   6.6   3.1   0.1   0.0   0.0   0.0   0.0   1.0   4.7  17.4    69.4
YUMA                      | 1948-2010 |   5.0   3.6   6.1   2.7   0.3   0.0   0.0   0.0   0.1   2.0   3.8   3.9    27.5
YUMA 10 NW                | 1989-2010 |   4.6   3.9   4.2   2.8   0.0   0.0   0.0   0.0   0.3   2.1   4.4   5.3    27.6